m = 6;
n = 95;
l = [210, 210, 210, 210, 210, 200, ];
s = [4, 12, 3, 15, 13, 20, 21, 4, 25, 21, 7, 3, 9, 5, 20, 21, 19, 2, 16, 18, 24, 24, 8, 16, 19, 12, 9, 3, 15, 4, 24, 22, 14, 11, 20, 5, 11, 12, 7, 1, 23, 13, 4, 23, 17, 13, 9, 10, 22, 21, 13, 25, 8, 20, 3, 4, 13, 18, 1, 10, 16, 9, 13, 23, 14, 5, 1, 6, 20, 10, 19, 24, 3, 5, 13, 5, 4, 12, 11, 20, 13, 1, 3, 2, 23, 8, 25, 18, 4, 5, 21, 23, 19, 2, 21, ];
x = [34, 49, 86, 39, -23, 48, -16, -58, 7, 43, 37, 78, -17, 59, 58, -22, -7, 56, -14, -30, 43, 45, 64, 55, 17, 45, -77, 36, 29, 65, 42, 26, 32, 66, 47, 65, -3, -40, -74, 81, 12, 43, 4, -7, 36, 52, 31, 41, 69, 76, 64, 29, 86, 32, -21, 55, 35, 25, 12, 18, 28, -3, 9, -21, 28, 59, 56, -52, 3, 15, 67, 19, -1, -21, 99, 83, 30, 33, 39, 54, 3, 52, 76, 5, 51, -5, 24, 34, 31, 31, 50, -36, -29, 19, 28, 30, ];
y = [31, 65, 59, -33, 87, 96, 93, -66, 33, 69, -2, 56, -57, 60, 15, 36, 30, 60, 11, 24, 1, 35, 2, 72, 16, -4, 6, 0, 9, 5, -22, 32, 37, -54, -18, 41, 25, 4, 57, -26, -8, 38, -23, 24, -12, 10, 31, 78, -41, 87, 79, -10, 40, 4, 19, 44, 10, 0, 0, 21, -15, 20, -41, 38, 29, 42, 59, 0, 33, -3, 35, 20, 21, 14, 1, 72, -31, 42, -9, 71, 10, -17, 11, 0, 34, -2, 26, 38, -7, -28, 1, 14, 5, 42, 14, 25, ];
% lower_bound = 935;
length = [40, 40, 40, 40, 40, 39, ];
n = 15;
s = [34, 4, 9, 7, 34, 17, 15, 110, 13, 152, 149, 209, 140, 120, 197]
x = [-19.5, -58, -17, -74, 74.25, 6.5, -64.5, -0.125, 99, 61.984375, 73.59375, 38.875, -25.625, 25.0, 11.59375, 30]
y = [90.0, -66, -57, 57, -36.75, -32.0, 3.0, 29.625, 1, 78.75, 31.84375, -15.6875, 20.4375, 38.34375, 6.40625, 25]
X = [[-16, -23]; [-58]; [-17]; [-74]; [69, 66, 81]; [9, 4]; [-52, -77]; [-1, -3, -7, -3, -7, 3, 7]; [99]; [54, 55, 43, 49, 56, 56, 59, 41, 48, 83, 78, 86, 64, 76]; [51, 43, 45, 67, 65, 59, 55, 76, 52, 58, 65, 64, 86]; [50, 45, 43, 36, 37, 31, 29, 28, 39, 36, 31, 30, 39, 52, 47, 42]; [-29, -36, -40, -21, -21, -14, -21, -22, -30]; [19, 34, 32, 33, 24, 28, 26, 31, 34]; [28, 35, 32, 29, 25, 19, 18, 17, -5, 5, 15, 12, 12, 3]; [30]; ]
Y = [[93, 87]; [-66]; [-57]; [57]; [-41, -54, -26]; [-41, -23]; [0, 6]; [21, 20, 24, 25, 30, 33, 33]; [1]; [71, 72, 69, 65, 59, 60, 60, 78, 96, 72, 56, 59, 79, 87]; [34, 38, 35, 35, 41, 42, 44, 11, 10, 15, 5, 2, 40]; [1, -4, 1, 0, -2, -7, -10, -15, -9, -12, -28, -31, -33, -17, -18, -22]; [5, 14, 4, 14, 19, 11, 38, 36, 24]; [42, 38, 37, 42, 26, 29, 32, 31, 31]; [14, 10, 4, 9, 0, 20, 21, 16, -2, 0, -3, 0, -8, 10]; [25]; ]

