m = 4;
n = 71;
l = [300, 300, 300, 300, ];
s = [20, 6, 19, 10, 18, 1, 15, 23, 13, 12, 7, 25, 5, 1, 25, 10, 2, 7, 11, 4, 6, 15, 7, 8, 10, 9, 4, 6, 22, 17, 9, 25, 10, 18, 21, 10, 23, 23, 11, 1, 23, 16, 10, 12, 12, 3, 22, 21, 13, 15, 13, 20, 10, 25, 7, 15, 2, 23, 5, 25, 9, 2, 24, 13, 20, 13, 15, 4, 20, 8, 19, ];
x = [-93, 71, 32, -5, -30, 13, -32, 20, 13, 55, 15, -51, -30, 18, 11, 34, -56, 58, 11, 53, 2, 32, -67, -71, 33, -51, 36, -31, -10, 15, 47, 44, 54, 27, 63, 47, -16, 79, 80, 13, -68, 9, -36, 29, 11, -23, -66, 7, -30, -89, -47, -15, -17, 32, -4, 33, -93, -9, -40, 28, -29, 31, -49, -73, 60, 11, 25, -47, 16, 25, 68, 11, ];
y = [-59, 13, 67, 26, 68, -57, -21, 49, -19, -41, -25, -16, 17, 2, 77, 71, -10, -16, -19, -19, 8, 49, -38, 62, 23, -36, -23, 43, 34, -11, -21, 35, -67, 47, 12, -5, -11, 18, 22, 17, -4, -19, -19, 45, 68, 45, -23, 2, -11, 16, -3, 31, 50, 54, 13, 59, 63, -23, 6, -19, -3, 37, 61, -28, -46, -4, 8, -17, 33, -12, -5, 9, ];
% lower_bound = 817;
length = [39, 39, 39, 39, ];
n = 15;
s = [20, 1, 23, 66, 15, 76, 10, 42, 51, 42, 51, 142, 165, 114, 110]
x = [-93, 13, -68, 22.0, -89, -23.5625, -82.0, -39.5, -59.625, 55.75, 8.75, -26.1875, 25.625, 22.0625, 65.90625, 11]
y = [-59, -57, -4, 70.75, 16, 27.125, 62.5, 64.5, -33.875, -55.25, 10.0, -13.34375, 40.875, -17.0, 3.84375, 9]
X = [[-93]; [13]; [-68]; [11, 11, 34, 32]; [-89]; [-17, -23, -31, -15, -10, -5, -30]; [-93, -71]; [-49, -30]; [-73, -66, -67, -51]; [60, 55, 54]; [25, 18, 13, -4, 7, 2]; [-47, -51, -56, -40, -47, -29, -30, -36, -32, -9, -16]; [16, 31, 44, 33, 33, 32, 29, 27, 32, 20]; [25, 28, 36, 11, 15, 9, 11, 13, 15]; [68, 47, 47, 53, 58, 80, 79, 63, 71]; [11]; ]
Y = [[-59]; [-57]; [-4]; [68, 77, 71, 67]; [16]; [50, 45, 43, 31, 34, 26, 17]; [63, 62]; [61, 68]; [-28, -23, -38, -36]; [-46, -41, -67]; [8, 2, 17, 13, 2, 8]; [-17, -16, -10, 6, -3, -3, -11, -19, -21, -23, -11]; [33, 37, 35, 23, 59, 54, 45, 47, 49, 49]; [-12, -19, -23, -4, -11, -19, -19, -19, -25]; [-5, -5, -21, -19, -16, 22, 18, 12, 13]; [9]; ]

