m = 10;
n = 143;
l = [200, 200, 200, 200, 200, 195, 195, 190, 190, 190, ];
s = [9, 22, 10, 24, 25, 6, 22, 1, 19, 19, 5, 9, 8, 14, 4, 7, 10, 22, 17, 10, 8, 14, 12, 17, 19, 25, 25, 6, 21, 3, 19, 16, 21, 17, 19, 6, 10, 22, 17, 16, 5, 1, 21, 20, 6, 1, 11, 22, 25, 18, 9, 23, 17, 4, 1, 14, 11, 7, 21, 3, 18, 5, 6, 22, 13, 17, 5, 7, 1, 3, 10, 5, 1, 17, 14, 4, 10, 25, 11, 16, 25, 20, 3, 7, 2, 6, 14, 14, 2, 15, 22, 4, 22, 19, 5, 10, 4, 7, 11, 14, 2, 12, 12, 24, 8, 4, 25, 6, 9, 23, 15, 7, 6, 5, 12, 3, 22, 18, 16, 5, 1, 8, 20, 17, 11, 8, 15, 16, 6, 24, 10, 4, 10, 17, 5, 14, 16, 11, 25, 4, 12, 19, 6, ];
x = [-55, -48, -49, 25, -24, 25, -10, 38, -68, -31, -37, -16, -63, -43, -26, -3, -42, 2, 4, -83, -6, 3, -35, 16, 13, -48, -89, -30, 10, 1, -79, -31, 19, 45, -35, 81, 16, -72, -43, -76, -29, -61, -8, -61, -35, 10, -83, -40, 84, -21, 15, -60, 5, 46, 83, 40, 91, 7, 19, -80, 64, -44, -18, -44, 11, -7, 74, 14, -94, 15, -47, -1, -37, -4, 35, 46, -32, -14, 13, -46, -30, 14, 38, -26, 90, -7, -30, -56, -87, -6, -35, -16, 24, -41, -54, -18, -37, 72, -42, 15, 30, -39, -94, -8, 29, -21, -31, 2, -31, -86, 59, -16, -72, -93, 34, 59, 31, -56, -90, 36, -54, -32, 6, -53, 47, 31, -45, 11, -33, -41, -69, -59, -37, -22, 23, -78, -47, -22, -56, -85, -4, -59, -25, -18, ];
y = [-24, 53, -38, -19, -4, -18, 60, -35, 93, -57, -12, -48, -23, -43, 14, 17, -28, 13, -48, 26, 26, 7, 30, -36, 5, -24, -10, 1, 38, 93, 15, 40, 22, -60, -4, -75, -28, 30, -23, -57, 12, 27, 13, 33, -28, -13, 77, 50, 34, -76, -19, -66, 48, 15, -2, -39, -84, 0, 40, 58, -63, -26, 10, 63, 26, 38, -34, -1, -49, -42, -16, -81, -43, -69, -21, 51, 88, -27, -48, -38, 35, 44, -46, 25, -44, 23, -29, -65, 91, 54, -27, 16, 29, 47, -22, 37, 57, 23, 28, -82, -55, 48, 15, 11, -50, 25, -19, -20, -21, -28, -63, -53, 51, -7, -49, 54, -28, 18, -40, 21, -56, 33, 13, 43, -45, 10, -56, 13, -34, 31, 80, -30, -34, 65, -41, 60, 68, 35, -31, 89, -64, 59, 15, 1, ];
% lower_bound = 1333;
length = [47, 47, 47, 47, 47, 46, 46, 45, 45, 45, ];
n = 15;
s = [33, 71, 7, 125, 109, 178, 172, 163, 145, 189, 159, 46, 101, 176, 91]
x = [80.5, -89.25, 52.5, 76.3671875, -76.9375, 18.25, -27.34375, -11.234375, 15.59375, -45.25, -48.3125, -76.5, -1.3125, -63.75390625, -14.0625, -18]
y = [13.25, 4.625, 52.5, -63.96875, -47.5625, 13.25, -15.515625, 70.75, -30.375, 27.8125, -31.53125, 85.0, -73.15625, 53.078125, 16.3125, 1]
X = [[72, 84, 83]; [-93, -89, -94, -79, -83]; [59, 46]; [47, 40, 38, 34, 38, 29, 30, 45, 59, 64, 90, 74, 91, 81]; [-45, -54, -56, -60, -76, -90, -94, -86]; [11, 6, 2, 3, 14, 13, 7, 31, 36, 46, 24, 11, 19]; [-37, -33, -35, -35, -30, -31, -31, -14, -35, -37, -30, -24]; [-22, -6, -10, 14, 19, 10, 5, -7, -32, 1]; [23, 15, 16, 16, 13, 4, 31, 35, 25, 25, 2, 15, 10]; [-22, -18, -21, -26, -41, -42, -32, -30, -35, -31, -56, -61, -61, -72]; [-56, -59, -54, -55, -63, -47, -44, -42, -43, -48, -46, -49, -37, -43]; [-85, -87, -83, -69, -68]; [-4, -4, -1, -21, -16, -16, -31, 15]; [-59, -47, -44, -39, -40, -41, -48, -37, -53, -78, -80, -72]; [-25, -26, -29, -16, -18, -8, -8, -3, -7, -6]; [-18]; ]
Y = [[23, 34, -2]; [-7, -10, 15, 15, 26]; [54, 51]; [-45, -39, -35, -49, -46, -50, -55, -60, -63, -63, -44, -34, -84, -75]; [-56, -56, -65, -66, -57, -40, -49, -28]; [13, 13, 13, 7, -1, 5, 0, 10, 21, 15, 29, 26, 22]; [-34, -34, -27, -28, -29, -21, -19, -27, -4, -12, 1, -4]; [65, 54, 60, 44, 40, 38, 48, 38, 88, 93]; [-41, -42, -36, -28, -48, -48, -28, -21, -18, -19, -20, -19, -13]; [35, 37, 25, 25, 31, 28, 33, 35, 30, 40, 18, 33, 27, 30]; [-31, -30, -22, -24, -23, -16, -26, -28, -23, -24, -38, -38, -43, -43]; [89, 91, 77, 80, 93]; [-64, -69, -81, -76, -53, -48, -57, -82]; [59, 68, 63, 48, 50, 47, 53, 57, 43, 60, 58, 51]; [15, 14, 12, 16, 10, 11, 13, 17, 23, 26]; [1]; ]

