m = 3;
n = 47;
l = [300, 300, 300, ];
s = [12, 8, 16, 5, 12, 5, 13, 20, 13, 18, 7, 6, 9, 9, 4, 25, 5, 17, 3, 16, 25, 21, 14, 19, 14, 6, 16, 9, 20, 13, 10, 16, 19, 22, 14, 10, 11, 15, 13, 15, 8, 22, 24, 3, 25, 19, 21, ];
x = [-30, -31, 52, -13, -67, 49, 5, -65, -4, 23, 25, -43, -77, -21, -52, -41, -92, -65, 19, -41, -38, 24, -43, -35, -55, -49, 57, -23, -57, -39, -17, -12, -47, 16, 1, -26, 4, -51, -23, -71, -8, 12, -19, -12, 30, 12, -38, -10, ];
y = [64, 5, 5, 69, 68, 6, 22, 77, -2, 12, 6, -26, 99, 58, 7, 51, 28, 30, 97, 83, -33, 29, 20, -25, 14, 33, 24, 55, 73, -4, 20, 12, 98, 9, 7, 30, 15, -23, -10, -19, 32, -25, -24, 12, 12, -56, -22, 20, ];
% lower_bound = 668;
length = [30, 30, 30, ];
n = 15;
s = [9, 25, 5, 3, 55, 37, 35, 52, 35, 15, 22, 98, 93, 19, 144]
x = [-77, -41, -92, 19, -57.375, 53.75, -19.5, -64.0, -44.0, -71, 12, -11.75, 22.75, 12, -36.46875, -10]
y = [99, 51, 28, 97, 24.25, 14.75, 64.625, 71.5, 90.5, -19, -25, 22.125, 19.375, -56, -17.09375, 20]
X = [[-77]; [-41]; [-92]; [19]; [-49, -43, -55, -52, -65]; [57, 49, 52]; [-23, -21, -30, -13]; [-57, -65, -67]; [-47, -41]; [-71]; [12]; [-12, -12, -17, 4, 5, 1, -4, -8, -26]; [30, 25, 23, 16, 24]; [12]; [-38, -35, -43, -38, -51, -19, -23, -39, -31]; [-10]; ]
Y = [[99]; [51]; [28]; [97]; [33, 20, 14, 7, 30]; [24, 6, 5]; [55, 58, 64, 69]; [73, 77, 68]; [98, 83]; [-19]; [-25]; [12, 12, 20, 15, 22, 7, -2, 32, 30]; [12, 6, 12, 9, 29]; [-56]; [-22, -25, -26, -33, -23, -24, -10, -4, 5]; [20]; ]

