m = 11;
n = 143;
l = [200, 200, 200, 200, 200, 195, 195, 195, 190, 190, 190, ];
s = [20, 10, 8, 6, 1, 19, 13, 24, 15, 13, 10, 4, 12, 21, 2, 10, 20, 9, 24, 19, 13, 14, 17, 25, 1, 9, 12, 22, 2, 21, 8, 19, 24, 24, 2, 20, 20, 5, 17, 4, 21, 3, 16, 14, 6, 5, 12, 23, 12, 18, 24, 3, 3, 25, 22, 25, 15, 18, 8, 20, 18, 5, 25, 16, 14, 1, 15, 22, 6, 24, 19, 12, 13, 10, 12, 13, 25, 12, 2, 11, 10, 9, 21, 14, 15, 6, 25, 14, 17, 8, 4, 17, 23, 4, 4, 9, 9, 19, 12, 25, 8, 13, 3, 6, 11, 24, 16, 21, 25, 10, 2, 13, 14, 19, 16, 23, 13, 24, 17, 8, 12, 6, 20, 20, 24, 10, 18, 10, 15, 12, 22, 11, 14, 9, 6, 23, 8, 22, 7, 15, 22, 7, 14, ];
x = [-40, -65, 5, 72, 3, -24, -13, 33, 67, 20, -28, 51, -19, -47, -11, 35, -37, 83, 9, -57, -52, 39, 20, -23, 16, 59, -33, 3, -19, -68, -77, -24, -20, 9, 26, -57, 1, 35, -22, -6, -38, 29, -35, -20, -9, -22, -23, -61, 50, 26, 66, -61, -9, -19, -54, -26, -19, -70, -15, -76, 44, -23, 19, -44, -3, -24, -62, -6, 46, -52, -33, -26, -21, 2, -27, -37, -1, -51, -41, -30, -46, -72, -47, -30, -41, -74, -18, 2, -85, 24, -25, -42, -34, -81, -74, -3, 1, -54, -31, -68, 7, 5, 58, 18, -45, 5, -48, -4, 10, 59, -48, -48, 45, -19, -16, -92, -30, 74, 22, 61, 22, -6, -20, -61, -10, 6, -3, 40, -3, -51, -71, 4, 10, 14, -22, -37, -87, -47, 4, 4, -42, 35, 61, -12, ];
y = [-42, -17, -14, 20, -15, -73, 66, 14, -31, 36, 32, -17, 24, -53, -17, 13, 12, 26, -4, 26, -40, 13, 21, -13, 52, -7, 72, 47, 73, -21, -11, -38, -32, 40, 36, -45, -63, 14, 46, 44, -24, 34, -5, 14, -31, -17, 37, -18, -66, 24, 43, -48, 43, 4, -4, -19, 84, -39, 0, -39, 12, -51, 45, -40, -4, 36, -74, -27, -37, -80, 11, 0, 61, 27, 15, -45, -16, 35, -77, 75, -2, 73, -40, 67, -43, -52, -72, -82, -54, 11, -32, -15, 50, -42, -48, 71, 25, 14, 8, -34, 58, 49, 26, 35, -62, 26, -37, -28, 37, 1, 20, -50, 21, 33, 17, 78, -78, 33, -60, -14, -50, 57, 13, -45, -19, -89, 22, 32, 37, 20, -4, 1, 26, -21, -19, -31, 10, -46, -19, 30, 54, -11, -60, 0, ];
% lower_bound = 1196;
length = [39, 39, 39, 39, 39, 38, 38, 38, 38, 38, 38, ];
n = 15;
s = [32, 161, 66, 170, 137, 73, 138, 160, 170, 92, 170, 174, 189, 168, 85]
x = [-82.0, -30.4375, 66.3125, -23.0625, -69.21875, 7.75, 32.09375, -7.578125, -37.375, -78.375, -43.53125, 3.46875, 10.140625, -41.765625, 53.40625, -12]
y = [75.5, -58.625, 34.1875, 8.625, -47.4375, -72.25, 20.640625, 60.53125, -14.0625, -1.6875, -43.875, -11.625, 31.9375, 34.796875, -42.171875, 0]
X = [[-92, -72]; [-30, -18, -24, -45, -41, -52, -62, -25, -20, -24, -23]; [74, 83, 72, 58, 66]; [-20, -20, -16, -19, -31, -33, -37, -27, -26, -15, -19]; [-61, -61, -57, -68, -70, -81, -76, -74, -74, -85]; [6, 2, 22, 22, 1]; [40, 45, 44, 39, 35, 35, 33, 24, 26, 20]; [-3, -9, -6, -6, 5, 3, 7, -3, -30, -30, -33, -21, -19, -13, -19]; [-37, -38, -22, -22, -26, -23, -42, -35, -46, -54]; [-87, -71, -77, -61, -65, -68]; [-47, -48, -47, -48, -47, -44, -52, -41, -40, -37]; [4, 3, 5, -1, -10, -11, -4, -6, -9, 14, 4, 9, -3]; [4, 5, 1, 2, 10, -3, 10, 9, 19, 16, 18, 20, 29, 26]; [-42, -34, -19, -24, -23, -28, -22, -51, -48, -54, -51, -57]; [61, 50, 35, 61, 59, 51, 59, 46, 67]; [-12]; ]
Y = [[78, 73]; [-78, -72, -73, -62, -77, -80, -74, -32, -32, -38, -51]; [33, 26, 20, 26, 43]; [13, 14, 17, 24, 8, 11, 12, 15, 0, 0, 4]; [-45, -48, -45, -34, -39, -42, -39, -48, -52, -54]; [-89, -82, -50, -60, -63]; [32, 21, 12, 13, 14, 13, 14, 11, 24, 21]; [37, 43, 44, 57, 49, 47, 58, 71, 67, 75, 72, 61, 73, 66, 84]; [-31, -24, -19, -17, -19, -13, -15, -5, -2, -4]; [10, -4, -11, -18, -17, -21]; [-46, -50, -53, -37, -40, -40, -40, -43, -42, -45]; [-19, -15, -14, -16, -19, -17, -28, -27, -31, -21, 1, -4, -4]; [30, 26, 25, 27, 26, 22, 37, 40, 45, 52, 35, 36, 34, 36]; [54, 50, 33, 36, 37, 32, 46, 20, 20, 14, 35, 26]; [-60, -66, -11, -14, -7, -17, 1, -37, -31]; [0]; ]

